ntau_train 60%: 11 13 22 111 130 211 310 321 411 431
ntau_val 10%: 11 13 22 111 130 211 310 321
ntau_test 10%: 11 13 22 111 130 211 310 321
gamma_10to100GeV_1 train 100%: 11 13 22 130 211 310 321
gamma_10to100GeV_1 val 100%: 11 22 211 321
gamma_10to100GeV_1 test 100%: 11 13 22 211
gamma_5to50GeV_2 train 100%: 11 13 22 130 211 310 321
gamma_5to50GeV_2 val 100%: 11 22 211 321
gamma_5to50GeV_2 test 100%: 11 22 211 321
eg_5to50GeV_1 100%: 11 13 22 211
el_10to100GeV_1 100%: 11 13 22 120 211 310 321
el_5to50GeV_2 100%: 11 13 22 211
